10101000001010110111011000000000
00100010101100100010010100000000
00000011100100000001110010100111
00000001001101101000000011010110
01101111001110001100100000000000
00000000000000000000000000000011
00000000000000000000000000111000
00000000000000000000000000001111
00010001101111100000000000000000
00000000000000000000000111010000
11110011101000111011010000000000
01100001111110000011111111010100
00000000000000000000000000110001
00010001000100011001010000100111
00000000000000000000000110111110
01011011000000000000000000000000
10100111110101111101010000000000
00000000000000000000100011001101
00000000000000110011011101001001
00100011110101101100000000000000
01011100000001100010000000000000
00010000000001101000101001100010
00000000000000000000000000000000
00000000001100111010110000101000
10000100100000000000000000000000
00000000000000000000000000101100
10011100110100000000000000000000
10011111110010000110111010000000
00000000001000100101100001000011
00000000000000000010100010000101
00000000000000000000110000111000
10110110110010000000000000000000
00101000000000000000000000000000
00000000000000010111110001101101
00000000001111000100001000001011
00000000000000000000000010011001
11100000000000000000000000000000
10000000000000000000000000000000
11000110111110000110000000000000
00000000000000000000000000000000
00001000111110111100000110110100
00000000000010101010101011000100
00000001111001101111001001011001
00000000000000000000000000001111
01011100110100000000000000000000
10101110100111010000000000000000
10010111111100100010000000000000
00000011111010011001011011010011
11000110111110100100101001000000
00000000000000001111100111000001
00000000000111001001010000101010
00000011000000101011010011011111
01000111100011111101100000000000
11010001001111100001110101100010
10011111100100100100000000000000
00000000000000000001110001111010
00000000000000000000000000000000
00000000111101111110110100111010
10000000000000000000000000000000
00000010011110100110010010110111
00000000000010010111110110100100
00000000000000000010100001001111
00001101001110111000000000000000
01011000001011111110000101111000
00000000000000000011011000100100
00111011111110100000000000000000
10111110000101101001010100100000
10011100000000000000000000000000
00000000000000000000000000000011
11000100010000000000000000000000
00000000000000011101000010111010
00001011111000000000000000000000
11011101010100110100111000110000
00000000000000000101110010001101
01011001001000001111101110000000
00000000000000000000000000000011
01001001110010011100001000110000
00000000000000000000000000011110
00011100110100101100000000000000
01011011001000000111001100000000
00000000000001011010011010100000
00001101101100110001010100110011
01010110001111001110000000000000
01110111010110000001100000000000
00000000100011011111100000111010
11000000000000000000000000000000
11011110001100011011000000000000
01010000101001000101000101111100
00000000000000000000000000000001
10000000000000000000000000000000
11101110001110000000000000000000
11110010101000000000000000000000
00000000001110010001011111001111
01101011000000000000000000000000
01100111010110101001000000000000
00000000000000000000000001111101
01110000000000000000000000000000
11010010100110000000000000000000
00000000000000110110010011000101
00110000000000000000000000000000
01001010000100000000000000000000
11110000000000000000000000000000
11010001001000101110110000000000
01111010001110010000000000000000
00000001111011010100000101001000
00000000000000000000000000000000
11110000111100100101100110000000
00000001001110010011101111100001
00111000110001010000000000000000
01100111110100001111110011101101
00000000000001111010111110011111
00000000000000110110101011111111
10111011001010110100110010101000
00001111101111110011100110010000
10001010100110011101111111011001
00000000000000000000000000000000
00100101000110000101111101000011
10001000000000000000000000000000
11010001101110101000001111111101
00010110011000010101101110000000
11111101001001111100111101010001
00000000000000000000000000000010
01011011001000000000000000000000
00000000000001111011011010111001
10000000000000000000000000000000
00000000000000000000000001000010
00000000010010110001011101011001
00001001011011110000001010101100
10000001011011000000100000000111
00000000000000000000000001100000
01010100101011001011101001100000
01101101000101110001100000000000
00000001100010011000000001111011
11001100110000010010000000000000
00000000000001111101010011100111
00000000000100111001001010110101
00001100000001000000000000000000
00000000000000000000000100110010
00000000000000000000011001011001
10110101101100000000000000000000
00000000000000000000000000011111
11001110111001100100110011100000
01010101100010000011101000000000
00000000000000000000000000000000
00000000000000000000011111010010
01110010000000000000000000000000
00000000000000000111101111100000
00101100110110010000000000000000
00000000000000111011110101011010
00000000001000111001001011010000
10000111010111100001100011100000
00000000000000001110111100101010
10101011011100000000000000000000
00000010101111100100001111100100
00001010001010100100110101010100
11000000000000000000000000000000
00100101110111001001001110000000
00000000000000000000000000011101
00000000000111000111101011010111
00000000000000000000000001111110
00000000000000111100010000111101
10000000000000000000000000000000
00000000000000000000000000101101
00000000000000000000001011011000
00000000010111011100011111101110
00000000000000000000000000010010
00000000011010011010111011111111
00000000000000000000000011011101
00011000000000000000000000000000
10100110001111010000000000000000
01110110101000000000000000000000
10111110101111100000000000000000
00000000000000000000000000000000
10000000000000000000000000000000
11110000001100110001010010000000
00000000000000000000000000000000
01001001000100000000000000000000
00000000000000000000000010001011
00000000000111101110101001010010
00001101011110111110000101110010
00000000000000000000000000000001
00011011110100100011111110100000
01011000100000100111110110110110
11100001010010000111101000000000
11100100100000000000000000000000
00000101110111101100101110110111
00000000000000000000001011110101
00011001001110001101011101101110
11011101010100011010011000000000
01010111000100000110000000000000
00000000000000000000000000001001
00000000000000000000000000000000
11011000000000000000000000000000
00000000000000000000000001010111
00000000000001011001001101010000
00000110110100111010111000000011
00000000000000000000110101110001
10100001110100111000000000000000
00011101011111001100110011111100
00101000011100111011011111000000
00000000000000000000000000000010
11100000000000000000000000000000
10010000111001101101010100101001
00000000000000000000000000000001
00101110110010000000000000000000
01000000000000000000000000000000
00000000000000000010110101000101
00000000010000100010010000100000
11101010111001001000000000000000
11010101101001110010110101101000
00000000000000000001100011101111
00001110000100100010010001011000
00000000000000011010111111100110
00101001011101000000000000000000
00000000000000000000000000000000
11010110101000100111010000000000
00000000000000000000000000010110
00000001000111111110101100010101
00000000010010100110011101000000
00000000011000010001100101111110
00000101001101101100011110000101
11100101000000000000000000000000
10000101000000000000000000000000
00110000000000000000000000000000
00001010110000010011110001101000
00110010111000111110101000000000
01000001101011100000000000000000
10000000000000000000000000000000
01000011001010001101001111000000
11011010101011001101110000000000
00000000000000000000000011001111
11010110111110011100000000000000
01000000000000000000000000000000
01100111001011100010001010101000
00000001111000111011100011101001
01100011010110111111000100000000
10110100000000000000000000000000
00000000000000000000000000000000
11000000110101000110101100010000
00000000000000000000000000000000
00000000000000000001111000001100
00000000001101101010000011011011
00000101100010101110010000011100
10100110000000000000000000000000
00000000000000000000000000001111
00000000000000000000001101010011
00010000000110100010000000000000
00000000000000001101110011101000
00000000000000000000000000000000
00000000000000000000000000101111
00000000000000000000001111101011
01110101010011101101000100011011
00000000000000000000000000001010
00000000000111100100110111000011
11100110111100101000000000000000
00000000000000000000000000000010
00000101100111010000000000000000
11100000000000000000000000000000
00000000000000000000000000001111
00000000000000010011100000110111
00000000000011010001001101011001
01011100100011110011011110000000
00000011111110100100101101110110
01010000011101011000000000000000
00000000000000000000001000110000
00000000010010111100010000101000
00000000000000000011010000101110
00011000011000000000000000000000
11100010001111100000000000000000
00000000000000000010101001000010
11011010110000000000000000000000
10011100111111001010111000000000
00001001001110100000000000000000
11001110000001110011000000000000
10011100000010100100000000000000
00000000000000000000000001100100
00000000000000000000000000000101
11110001101010000111000000000000
00000000000000000000011100010100
00000000001000101001000101010001
00000000110110001011000010101011
00000000000000000000000000000000
00000000000000000011111111011100
00000000000000101101011000100001
11001010000000000000000000000000
10100000000000000000000000000000
00000000000000000000000001000001
10000000000000000000000000000000
11011000000000000000000000000000
10110110110010001010101100000000
10001011000000000000000000000000
00101110001110101001111000000000
00000000000000000000000000001010
00000000010000101100011001111111
00000000000000001100001101000101
00000000000001011001100111001010
00101111110110101000101110000000
00000011110100110110110010100001
00000000000000000000000000000111
00000000000101111010110001100000
00000000001111110001111101010111
00011011001001011001000011100010
00000000110101001110100011001101
01110110000100010100101000000000
00111111000000000000000000000000
01000000000000000000000000000000
00000000010111001000001011010100
00100101111011100111010101101001
00000000000000000001100000011111
00000000000000000000000011100011
01010111110100010010000000000000
00000000000000000000000000000010
00000000000000000000011110110110
00101011010011011010000110100110
00101011101100000000000000000000
00000000000001110000011100101001
01111000100000001100000000000000
01100000000000000000000000000000
10010011000000000000000000000000
00000101101010100001111111101011
00110100110110000000000000000000
10100110011000001001001000000000
10000000000000000000000000000000
11011000111100001010001000001000
00000000000000000000000001111100
10001001100110011110001100001100
00000000000000000000000000001011
00011101110110100011010000111010
00000000000000000000000000100000
01110110011011011000000000000000
10011110110000000000000000000000
11010010010001110010100110000111
00000000000000000000000001100111
00000000000000000000000000000110
00001101000110101101010011011011
11111011010001100000000000000000
00000000000000000011000100110101
00000000000000000000111011010100
11000101011110010000000000000000
00000000000000000000000000000011
01100000000000000000000000000000
10110111100101100000000000000000
11111110111110000001001001000000
01001000010101001001000110011000
00000100111101001011011110110000
00001100000000000000000000000000
00000000000000000000000000000000
01111000000000000000000000000000
00000000000000000000000000000000
00000000000000000000000110011110
11000110000110000000000000000000
11010010000000000000000000000000
00000000000000000000000000110110
10100000000000000000000000000000
10111111010101000000000000000000
00011011110110001000001000010000
00000000000000000010111001101100
00000000010000100101010100011011
00000000000000000000000000001100
00000001000000100010001001001110
11001010111001110000110011000000
11010010101011100111010011010111
10000110000000000000000000000000
00000000000111111110111101110000
10111010010001000100001101000000
11101010010100101000001001010010
00000111100010101001010111000000
00011010001010010111011111000100
00000000000000000000000000111100
10001000110100111101100001001000
10011011001001010011011000100100
10010010000000000000000000000000
11011011001001000000000000000000
10111000000011001011100010010000
00000000100010101110111011100000
10001101111101010000000000000000
00000000000000000000000000000000
00000000000000000000110111000011
00000000011000100011110011000000
11100101111100111110000000000000
00000000000000110001011010111001
11111111000000000000000000000000
00000000000000000000000000010001
00101010000000110010110010001010
01000010000000110101010101000000
00000000000000000000000001100110
00000000000000000000000001100110
11100101000000000000000000000000
00000110100101101010111010000100
10000000000000000000000000000000
11000000000000000000000000000000
11100010000000000000000000000000
00000000000000001011100101010011
00111111111111101110001000000000
00011000111001110001100010000110
01100000000111111010110101110011
00000000000000000011001001111111
10100101000111000000000000000000
00000000000000011110001100001101
00011001101011000010100110111011
