0000001011001110110000000000011010
0000111111110110111111101011110111
0011110111111010111001100011101100
0011110111011111101111110111100101
0000000000000000000000000000000001
0010100101100001000010110000001010
0000111111111111101111010011110111
0001101111011111111101111100101111
0000000000000000000000000000000001
0001100001011011110011011111111111
0001000011101010100100100110010101
0011101111110111010011010011111111
0001110100111011001000000000000011
0010101111111111011101111100111111
0001110000111111001110010010010100
0000000000000000000000000000000001
1001100011000100101011101100011111
0011111101110100100010111010100101
0000000000000000000000000000000001
1010101001011101001010001111101010
0010111110101010111101111110111010
0010100101011100010010000101001011
0001111011111111111111111011111111
0010111011110000010001001111010000
0011111111110111101111111110100010
0000001101100111110011011111010111
0011111111111111110111111111111101
0000000000000000000000000000000001
0001110111100111011101100110111011
0100000000000000000000000000000000
0001001111011010101110001011100010
0000100101110000111100010111111001
0001101110111110101111111010111010
0000111110111101000101111111111111
1000100001100010101100000111110001
0001111110011111110011111101111110
0100000000000000000000000000000000
0011111110110110001110111111101111
0000010101010101111001011101001100
0010110111111011111111110111110111
0000000101100011010101100011000011
0000100100100000000100100110000000
0000000000000000000000000000000001
0011011010111111101000111100111111
0001011001110111000100000000000101
0010110110000010000000000000000000
0010001000100010000000001000100001
0000000000000000000000000000000001
0100000000000000000000000000000000
0000111011101001001001100001110110
0011011101101101101011110111000101
0001000111001011101010000101111010
0001001110101000111110101010111111
0011100101100101100111111111101111
0011010100101011100111011110000001
0010111111010111111110011101100111
0100000000000000000000000000000000
0000110001000110000000000011001000
0100000000000000000000000000000000
0000101111011101101011111111111111
0100000000000000000000000000000000
0011101111101011111110111000110011
0011110110011001001001010000001111
0100000000000000000000000000000000
0100000000000000000000000000000000
0010111110000111100111011100110111
0001001011001001011000011110010111
0000000010000010000000000100010010
0000010000010100000000000000010000
1001101000001100000101110110000001
0011100101000100111001110110000010
0000011110111111111111111011110110
0010100011011011000111010000111001
0011110011001011100101111011010110
0001100000110101000100010111000110
1010000111000100100010110001011000
1001010111011111000011100010010100
0000011111100110110010011101111111
0001011000010100100000010110010000
0001010000010001101010100010100101
0000000000000000000000000000000001
0011010101111110111110111111101111
0010000000011111011000000110000110
0010000101001011001110000001110001
0000100000000000110000010110001000
0100000000000000000000000000000000
1010110100011101101001110101010101
0000000000000000000000000000000001
0010100001111101101101001001001111
0100000000000000000000000000000000
0011100001000110000110000001000000
1010011011111101011001100000011110
0011111010100111111010110100000000
0001011011000110010001100101000000
0000110111111011001011110101101011
0011110111100001001010111001000000
0011010000000011000100001000101010
0011001010110000101000001101101000
0010100000000100000011000000010010
0001000101000111000111111011111011
0000110011011011001100101110110000
0011000010000000100000100011010010
0100000000000000000000000000000000
0000101111101101011000111001111101
0100000000000000000000000000000000
0000000000000001100100011100010000
0000010000000100000100000000000001
0011101011001111011011111010001011
0000000000000000000000000000000001
0011111011111101111111101111110001
0001100101111010100010111111000100
0001011111110011111010110101010111
0100000000000000000000000000000000
0000000100000001001000000010100000
0010010111111011000110111111111110
0011010011001010010011111011010001
0000000000000000000000000000000001
0000011110000000010000000001011000
0011111111011111101111111111111111
0010000001010000000000110000000000
0001000011010011011110000001100000
0000000000000000000000000000000001
0010001101101001111010101001100011
1010100000101111000001110101110110
0001000000011001110000001001000000
0000100010111110110000101111011010
1000111011100000100111100110110011
0011000111101101111100000100011010
0010001100000111001000111010110101
0001001100110000100010001000001000
0011111011111111111010111111110001
1011000110010010011010011010010001
0011011101010111110001111110100101
0000101100011010001010110100000100
0011110001000101010000100000001111
0011101111111110011111111011111101
0100000000000000000000000000000000
0000000000000000100100000010010000
0100000000000000000000000000000000
0011111010111010101110010010111100
0010101111110111011101111101011111
0001110011110110111111101011100011
0011111000010010000000000010000100
0011001101111010101111011110110111
0010110111110101111111111000111101
0010111111111101110011100011111101
0100000000000000000000000000000000
0010001111101011110110011111101111
0000000000000000000000000000000001
0000000010000010000001000000001010
0011101000010010100010010011000100
0001100111001001010100111011110100
0001000100000100000100111000000001
1001101001111100011010011101010001
0011110111011011110101111100111010
1011001100000000011001010001010011
0010010101001111011111111110010110
0010101010111111111110110101001101
0011011010110101110001110001110010
0000000000000000000000000000000001
0011110111010101110101111010011110
0010010000000100000001001000000000
0000100000110101000001000011000100
1010010010111000100111111101010100
1001110111011100000110001100110111
0001101110111111111100010001101010
0000101111111001100110010001010010
0011001010111101111111011110011010
0010111010100010011100010111011111
0011110010101010111100111111110011
0001011110000011000001110010000001
0000101101100010000000000000000000
0000000000000000000000000000000001
0010000001100001000001100001000100
0010010000000000000100010011000010
0011111110100000010011010101111010
0010100000100001000000000000100000
0001101110100000010111011111111000
0000101101111111010110111111111110
1010011100101011011111000110001110
0010001111000011111110001100000000
0001110110110111111011010000111111
0010000100000010100000110010000001
0011101111011011110111101011111111
0011111011111111101101111110110111
0011111010011110111110111011001110
0010010100000000100101001111000101
0010111111111011111011011111111111
0000011101111011110001100111101110
0001110010110110111110001101010000
0011011101000110111101101011000001
0000000000000000000000000000000001
1001010100000100100101101000101010
0001000100001001000001100000001000
0011010000001010000100111111000111
0011111110011111111101011010011111
0000110111001001110111111101001111
0000001010000001010000000100000001
0001010000011101111100000001010111
0011110011001111010111011011111111
0000000000000000000000000000000001
0000000001000000101000110000110110
0001100000011111011100011101110010
0100000000000000000000000000000000
0000101010000010101100001001001000
1000100110111110101100011001000000
1001111100010101111110101100110110
0000000000100001001000100000000010
0010111101100011110111011011101111
0001111111111111011101011111111110
0000100001001010010001001001100101
1010010011011010100110110000010010
0000010000011001000000000000010000
0000001001100001000011100110110100
1010010101001111000100101001110011
0000100010001001000100000011100010
0001001000000000000001100000100001
0010100101010000001000001001011100
0011111111111110101111111101110100
0100000000000000000000000000000000
0001101010111001111110101001110111
0001000101010001000011011011001011
0100000000000000000000000000000000
0011100100011100111111111011111110
1010010111001100000100000010110111
0000000000000010010010000011100101
0011011001001111011111100101100011
0011011111100011111111110110010111
0100000000000000000000000000000000
0011111111101011100111000101011111
0011011111111111011111001001100011
0000101011011011101100101111011111
0011111101111011111111111000011101
0001101100111111111111111111111110
0000001101001100110100101101001100
0001001000110011010001000000001000
0000000000100000010000000101010000
0001000001110010010110010110001001
0100000000000000000000000000000000
0010001010100000000010101010010000
0011101101100010101000101010100010
0000100000000101100001100001101010
0000000110110000000001011010000000
0001011110111110111101111101111110
0000100000110011100101110010000011
0000111111101100111111111110111111
0000001001010110100011000111100111
0011111111111111110111111111111101
0000001000100010000000000010000100
0100000000000000000000000000000000
0001111010011111001111011001111111
0001110110011111011111101100111101
0001101010110000111101100101101101
0011010101000101001111011001000110
0000000000000110001001000101010010
0011001010011101000000000010111001
0011111111101001011111011110111101
0011000111001111110110010001111101
0000000010000100001000000111100101
0010111110101011111111111111101111
0011010111111010111111111001001011
0011111101110100111111001010111011
1000111100101000110100011010100100
0011011011100101110111101110101111
0011001111110000110111011110110111
0011110100011111011111010111111111
0000000000011010101000000101000000
0011111111101001100111111011111011
0001011011001101000000001100000011
0001011101111111110011111111011011
0010001000001001010100000010010001
0000000000000000000000000000000001
0011001110101111111011100000111111
1001111011110110110110100101000000
0000100001101100100110110001010101
0000000000000000000000000000000001
0010001000000001000010010001100000
0001010000011000101001100000000010
0010001010000110011100100001010000
0011111110001101111111000111011000
0010110110000000000100000000000000
0000110011001010000001011101010000
1011000111001100000001011111110100
0000000000011001110000000101101000
0000000000110100010100100011000000
0000000000000000000000000000000001
0010101100110011010011111110011011
0010110011111110101111111010001111
0000000000000000000000000000000001
0001000100000000001000000000100000
0010101101010000100111111101110011
0000100101100000101100001101000000
0010111001011010000000010100000001
0000000000000000000000000000000001
0011000000000000001110000000010101
0001111000101010011111101000000011
0100000000000000000000000000000000
0011100000010100100101110110111101
0000110100001000000001000000101000
0001110001000000100001001000000011
0010001000001000110100000100100110
0001100111111110011100111111001111
0011010101010000000000000101001100
0001101001111101111100000111111110
0000000110000000010000101100001100
0001111101111111101100111101111011
0000001001010100001110101000011111
0010010000000000010000100000001100
0001011001111000010101110111111111
1001010010001100010111110010111100
0100000000000000000000000000000000
1011010001101100101101010011001110
0011111110111111111111010011101011
0011011010101011001110001010111100
0011011011111011111001111101011100
0011111110111111011111111110001110
0011100101111110111010111111100101
0011011111111011111011111101111111
1001100101101101111100101111111011
0011001000000010010000100011100000
0010100100000100001000011000000000
0000110000011110000001101000000010
0000111101111110101100011111010111
0001110010000010001000000001000000
0001101000100100011111000101000011
0010011111101111110111011111101101
0010010001110000100011000001100001
0011011010111110111011111001111001
0100000000000000000000000000000000
0011111111111111111111101111111011
0100000000000000000000000000000000
1001001010010001001101110011101111
0010101110000000001000001100000010
0010101111111100110011110011110111
0010101101111111111011110110011011
0010011111011110110011011111111110
0000010001101100000010001000010001
0010000001000000001010010000100000
0000000000000001100100101000001000
0000000000010100000111000010110000
0000000100001111100011111111110000
0000000000000000000000000000000001
0001000000000000000010010000000010
0100000000000000000000000000000000
0010001110100001000001001000010001
0010001010001010001100101111111001
0011111010001111101101110101100111
0010000000000000001000000011000001
0001110100100011100001011110010000
0011100001101110100111110010000011
0011100101011111101000000101010100
0000101001010100110110111000101010
0000000000000000010100100010101100
0011000001101010001010001101110101
0000111010001001111101101001101001
0000000000000000000000000000000001
0001010000101010110000100100000100
0001110011111010111111101111101110
0100000000000000000000000000000000
0010100100011000011001011111011110
0000111010100100000100000000110001
0000000100010000001000011100000010
0001111000110111111111011110111110
0011111111100001011110101010011111
0011011110111111010101111111010111
0011111111101111010111111111011111
1010101101000000001100101110010010
0000000000000100101010000000001010
0000000000100000001110000001000100
0000000100000001100001110001110101
0010110101000110100001100011110000
0000100000000100100000000000001000
0010110111110111000011011110101111
0000001111101110111011010000110000
0000111000001010000000000111010000
0011011111111011011111111011110111
0000000000110000001001000010011010
0010000000011100000000100001010100
0011101000011000000100011000000001
0010100111101111111001111101010111
0011111001111100010101010100011111
0100000000000000000000000000000000
0100000000000000000000000000000000
0100000000000000000000000000000000
0000000000000000000000000000000001
0011111111101111100101101110011101
0000000000000000000000000000000001
0011111111011101011111010110111111
0100000000000000000000000000000000
0000100010010100001000001000001000
0000100100001010000000000100000001
0000000001000010010000001000000010
0011001101111000000101011111101110
0000001000000001000000010000011000
0011011011110011110111000001101001
0000000000000000000000000000000001
0001100111110010111111110011101111
0000110111110110111111111101111011
0010110000000000110000100010001011
0100000000000000000000000000000000
